0 0.426758 0.713699 0.123047 0.073973
0 0.813477 0.065068 0.099609 0.050685
0 0.113281 0.873973 0.105469 0.090411
0 0.405273 0.311644 0.130859 0.086301
0 0.578125 0.450685 0.105469 0.093151
0 0.371094 0.422603 0.062500 0.039726
0 0.555664 0.310959 0.083984 0.065753
0 0.639648 0.254795 0.107422 0.073973
0 0.546875 0.246575 0.078125 0.057534
0 0.613281 0.130137 0.160156 0.150685
0 0.389648 0.071918 0.123047 0.089041
0 0.188477 0.336301 0.115234 0.072603
0 0.117188 0.141096 0.128906 0.073973
0 0.223633 0.089041 0.091797 0.082192
0 0.106445 0.468493 0.107422 0.095890
0 0.223633 0.634932 0.091797 0.080822
0 0.380859 0.872603 0.117188 0.084932
0 0.588867 0.649315 0.103516 0.065753
0 0.769531 0.686986 0.066406 0.072603
0 0.774414 0.448630 0.080078 0.064384
0 0.834961 0.267808 0.115234 0.086301
