0 0.801270 0.539062 0.065430 0.085938
0 0.648926 0.461589 0.024414 0.037760
0 0.453125 0.339193 0.042969 0.058594
0 0.504883 0.345052 0.023438 0.033854
0 0.404297 0.286458 0.025391 0.044271
0 0.525391 0.107422 0.056641 0.069010
0 0.532227 0.850911 0.044922 0.058594
0 0.467773 0.848958 0.056641 0.075521
0 0.417969 0.796224 0.027344 0.053385
0 0.233398 0.862630 0.029297 0.035156
0 0.212402 0.858073 0.028320 0.036458
0 0.190918 0.865234 0.022461 0.035156
0 0.138672 0.835286 0.035156 0.042969
0 0.119141 0.895833 0.023438 0.031250
0 0.079590 0.941406 0.022461 0.044271
0 0.237793 0.332031 0.024414 0.036458
0 0.162598 0.325521 0.053711 0.062500
0 0.123535 0.107422 0.036133 0.045573
