0 0.521205 0.315476 0.037946 0.059524
0 0.198103 0.290675 0.025670 0.049603
0 0.162946 0.415675 0.024554 0.061508
0 0.303013 0.371032 0.050223 0.083333
0 0.099330 0.515873 0.066964 0.123016
0 0.281250 0.563492 0.046875 0.095238
0 0.223214 0.406746 0.031250 0.075397
0 0.142857 0.341270 0.044643 0.067460
0 0.348772 0.355159 0.021205 0.043651
0 0.205357 0.518849 0.029018 0.081349
0 0.243862 0.320437 0.025670 0.081349
0 0.081473 0.316468 0.024554 0.073413
0 0.043527 0.402778 0.044643 0.063492
0 0.044643 0.471230 0.024554 0.057540
0 0.885045 0.448413 0.044643 0.075397
0 0.594866 0.430556 0.037946 0.123016
0 0.436384 0.447421 0.031250 0.073413
0 0.370536 0.389881 0.022321 0.085317
0 0.431920 0.367063 0.022321 0.043651
0 0.402344 0.298611 0.025670 0.073413
0 0.482701 0.293651 0.014509 0.055556
0 0.296317 0.299603 0.027902 0.043651
