0 0.862857 0.307857 0.117143 0.092857
0 0.851429 0.386429 0.057143 0.041429
0 0.825000 0.522143 0.052857 0.041429
0 0.645000 0.598571 0.070000 0.060000
0 0.672143 0.442143 0.055714 0.052857
0 0.692857 0.356429 0.062857 0.067143
0 0.550000 0.050714 0.048571 0.035714
0 0.370714 0.605000 0.058571 0.047143
0 0.336429 0.465000 0.055714 0.050000
0 0.187143 0.565000 0.065714 0.041429
0 0.259286 0.351429 0.055714 0.045714
0 0.147857 0.282143 0.061429 0.041429
0 0.137143 0.437857 0.045714 0.047143
0 0.095714 0.937857 0.091429 0.081429
