0 0.405405 0.378906 0.077220 0.082031
0 0.370656 0.684570 0.077220 0.083984
0 0.408301 0.915039 0.075290 0.083984
0 0.370656 0.165039 0.042471 0.052734
0 0.218147 0.386719 0.065637 0.066406
0 0.868726 0.601562 0.061776 0.062500
0 0.687259 0.116211 0.050193 0.052734
0 0.623552 0.632812 0.069498 0.074219
0 0.703668 0.869141 0.063707 0.066406
0 0.124517 0.141602 0.059846 0.068359
0 0.095560 0.678711 0.055985 0.064453
0 0.781853 0.210938 0.046332 0.066406
0 0.083012 0.408203 0.073359 0.070312
0 0.740347 0.633789 0.071429 0.083984
0 0.308880 0.130859 0.038610 0.046875
0 0.603282 0.135742 0.040541 0.052734
0 0.444015 0.160156 0.050193 0.042969
0 0.249035 0.685547 0.057915 0.078125
0 0.611004 0.823242 0.032819 0.044922
