0 0.885742 0.308594 0.041016 0.058594
0 0.520508 0.315430 0.048828 0.060547
0 0.314453 0.220703 0.136719 0.089844
0 0.073242 0.200195 0.146484 0.142578
0 0.075195 0.402344 0.150391 0.164062
0 0.303711 0.357422 0.107422 0.089844
0 0.766602 0.439453 0.060547 0.066406
0 0.701172 0.471680 0.058594 0.068359
0 0.480469 0.438477 0.058594 0.080078
0 0.816406 0.506836 0.074219 0.056641
0 0.708984 0.668945 0.078125 0.076172
0 0.892578 0.793945 0.042969 0.060547
0 0.789062 0.807617 0.058594 0.064453
0 0.544922 0.844727 0.066406 0.064453
0 0.484375 0.695312 0.054688 0.070312
0 0.437500 0.600586 0.070312 0.103516
0 0.205078 0.689453 0.121094 0.109375
0 0.074219 0.599609 0.140625 0.144531
0 0.074219 0.715820 0.109375 0.095703
0 0.132812 0.884766 0.054688 0.050781
0 0.921875 0.918945 0.117188 0.080078
